Var1,Var2
3.78007489474646,-1.60219164399759e-05
3.78022617911382,-1.73004222948876e-05
3.78038030146245,-1.85495135704453e-05
3.780505260003,-1.97674405273806e-05
3.78062461279288,-2.09525143752057e-05
3.78077593226618,-2.210300105168e-05
3.78093001950887,-2.3217218616711e-05
3.78105490783755,-2.42936676233821e-05
3.7811743308393,-2.53308526497472e-05
3.78132568541853,-2.63271642100834e-05
3.78147973755529,-2.72808950649494e-05
3.78160455567211,-2.81901027618264e-05
3.78172404888572,-2.90527421325229e-05
3.78187543857088,-2.98669506973915e-05
3.78202945560171,-3.06308536662001e-05
3.78215420350667,-3.13424913359883e-05
3.78227376693214,-3.1999943006573e-05
3.78242519172323,-3.26011896213538e-05
3.78257917364813,-3.31442285532591e-05
3.78270385134123,-3.36272891199223e-05
3.78282348497856,-3.40486076985402e-05
3.78297494487558,-3.44062766439711e-05
3.78312889169455,-3.46983609436714e-05
3.78325349917578,-3.4922816390219e-05
3.78337320302498,-3.50775666999933e-05
3.78352469802793,-3.51607688633695e-05
3.78367860974097,-3.51706725570773e-05
3.78380314701034,-3.51055492540418e-05
3.7839229210714,-3.49638107165318e-05
3.78407445118028,-3.47439069669547e-05
3.78422832778739,-3.44444009143066e-05
3.7843527948449,-3.40641281616127e-05
3.78447263911782,-3.36019961033534e-05
3.78462420433264,-3.30568246196897e-05
3.78477804583381,-3.24273916101947e-05
3.78490244267946,-3.17123053732144e-05
3.78502235716424,-3.09100903124067e-05
3.78517395748499,-3.00194478213195e-05
3.78532776388023,-2.90390525711039e-05
3.78545209051401,-2.79674434662497e-05
3.78557207521066,-2.68032027917816e-05
3.78572371063734,-2.55449151834497e-05
3.78587748192665,-2.4191248271531e-05
3.78600173834857,-2.27411808407735e-05
3.78612179325708,-2.11937663325702e-05
3.78627346378969,-1.95478696560825e-05
3.78642719997307,-1.78023582978314e-05
3.78655138618313,-1.59560842993311e-05
3.7866715113035,-1.40078671089119e-05
3.78682321694204,-1.19567528317083e-05
3.78697691801949,-9.80185045660413e-06
3.78710103401768,-7.54215942023466e-06
3.78722122934992,-5.17678573533947e-06
3.78737297009439,-2.70496803177517e-06
3.78752663606591,-1.26061307194616e-07
3.78765068185224,2.56030356751179e-06
3.78777094739634,5.35439025732236e-06
3.78792272324674,8.25661082759311e-06
3.78807635411233,1.12674019761853e-05
3.7882003296868,1.43872544043906e-05
3.78832066544276,1.76167195192658e-05
3.78847247639909,2.09561704177241e-05
3.78862607215875,2.44059629851395e-05
3.78874997752135,2.79665869203049e-05
3.78887038348918,3.16384577683472e-05
3.78902222955145,3.54218893425441e-05
3.78917579020517,3.93170629481717e-05
3.78929962535591,4.33238226696757e-05
3.7894201015356,4.74418529089271e-05
3.7895719827038,5.16709283655855e-05
3.78972550825159,5.60107173631775e-05
3.78984927319047,6.04607561652652e-05
3.78996981958202,6.50205208918797e-05
3.79012173585615,6.96892551367736e-05
3.79027522629801,7.44660969781789e-05
3.79039892102503,7.93502621614258e-05
3.79051953762844,8.43408303024445e-05
3.7906714890085,8.9436635671252e-05
3.79082494434443,9.46363475187155e-05
3.79094856885958,9.99383723093561e-05
3.79106925567486,0.000105340973427231
3.79122124216085,0.000110842550220341
3.79137466239085,0.000116441517430436
3.79149821669414,0.000122136286051233
3.79161897372128,0.000127925354105906
3.7917709953132,0.000133807160732039
3.79192438043727,0.000139780224071851
3.7920478645287,0.000145843330844011
3.7921686917677,0.000151995303219525
3.79232074846555,0.000158234854310865
3.79247409848369,0.000164560624423892
3.79259751236326,0.000170971010107058
3.79271840981412,0.000177464343098795
3.79287050161791,0.000184039267844989
3.79302381653011,0.000190694500415773
3.79314716019781,0.00019742874616763
3.79326812786054,0.000204240805608145
3.79342025477026,0.00021112931957561
3.79357353457653,0.000218092909523857
3.79369680803237,0.000225130408878631
3.79381784590696,0.000232240591760813
3.79397000792261,0.000239422070250872
3.79412325262295,0.000246673346082955
3.79424645586693,0.00025399263528371
3.79436756395338,0.000261378081788759
3.79451976107496,0.000268828142111507
3.79467297066937,0.000276341428939102
3.79479610370148,0.000283916743649673
3.7949172819998,0.000291553084730865
3.79506951422731,0.000299249288349276
3.79522268871579,0.000307004271111181
3.79534575153604,0.00031481726056661
3.79546700004622,0.000322687466657582
3.79561926737966,0.000330614025128367
3.79577240676221,0.000338595937203167
3.7958953993706,0.0003466317347732
3.79601671809264,0.000354719767671811
3.79616902053201,0.000362858615497249
3.79632212480863,0.000371046756322468
3.79644504720516,0.000379282515224154
3.79656643613906,0.000387564173137679
3.79671877368436,0.000395889665270223
3.79687184285505,0.000404256785040304
3.79699469503971,0.000412663480685819
3.79711615418548,0.000421107482809252
3.79726852683672,0.000429586110599571
3.79742156090147,0.000438096388968039
3.79754434287427,0.000446634865035429
3.7976658722319,0.000455197847248486
3.79781827998907,0.000463781929653236
3.79797127894789,0.00047238378246357
3.79809399070883,0.000481000146364966
3.79821559027832,0.000489627959125239
3.79836803314142,0.000498264023160496
3.79852099699431,0.000506905302918742
3.79864363854338,0.000515549286418667
3.79876530832474,0.000524193485662997
3.79891778629377,0.000532835143766523
3.79907071504073,0.000541471259203627
3.79919328637794,0.000550098181578097
3.79931502637116,0.000558712006122809
3.79946753944612,0.000567309367683306
3.79962043308715,0.000575886896773148
3.7997429342125,0.000584441038431543
3.79986474441758,0.000592968358781975
3.80001729259847,0.000601465112027543
3.80017015113357,0.000609927568687437
3.80029258204706,0.000618352595683339
3.800414462464,0.000626737030131044
3.80056704575082,0.000635077304647048
3.80071986917999,0.000643369723879654
3.80084222988161,0.000651610198017006
3.80096418051042,0.000659794504731521
3.80111679890318,0.000667919037862484
3.80126958722641,0.000675980419803314
3.80139187771617,0.000683975353066797
3.80151389855684,0.000691900887298021
3.80166655205553,0.000699754042556691
3.80181930527283,0.000707532070067715
3.80194152555073,0.000715232900569372
3.80206361660326,0.000722854582250789
3.80221630520788,0.000730394931249785
3.80236902331925,0.000737851614331352
3.80249117338528,0.000745221748630798
3.80261333464968,0.00075250220101229
3.80276605836023,0.000759690303305913
3.80291874136567,0.000766783302428935
3.80304082121984,0.000773778123800322
3.8031630526961,0.00078067177409833
3.80331581151258,0.000787461115768542
3.80346845941209,0.000794143120564702
3.8035904690544,0.000800715454127529
3.80371277074252,0.000807175855191031
3.80386556466493,0.000813521558806273
3.80401817745851,0.000819749717755736
3.80414011688896,0.000825857283779692
3.80426248878894,0.000831841065137543
3.80441531781728,0.000837698423493327
3.80456789550493,0.000843426865183279
3.80468976472351,0.00084902369793407
3.80481220683536,0.00085448650152637
3.80496507096963,0.000859813061872097
3.80511761355135,0.000865001435259932
3.80523941255807,0.000870050383226614
3.80536192488178,0.000874958887615811
3.80551482412199,0.000879725581891475
3.80566733159777,0.000884349006945482
3.80578906039263,0.000888827435813358
3.8059116429282,0.000893158977956785
3.80606457727434,0.000897342272771547
3.80621704964419,0.000901376025315821
3.80633870822718,0.000905258669771011
3.80646136097461,0.000908988830107051
3.80661433042669,0.000912565210389171
3.80676676769061,0.000915986742906648
3.80688835606174,0.000919253124837606
3.80701107902104,0.000922364306677086
3.80716408357904,0.000925319950823487
3.80731648573703,0.000928119839890788
3.8074380038963,0.000930763816884632
3.80756079706746,0.000933251769965257
3.80771383673139,0.000935584188498605
3.80786620378345,0.000937761819618666
3.80798765173086,0.000939785330366801
3.80811051511388,0.000941655724500571
3.80826358988374,0.000943374344051282
3.80841592182987,0.000944942850142035
3.80853729956541,0.000946363543554083
3.80866023316029,0.000947638967215541
3.80881334303609,0.000948771369297636
3.80896563987629,0.000949762906961984
3.80908694739997,0.000950615513297369
3.80920995120672,0.000951330880494249
3.80936309618845,0.000951910943245911
3.80951535792271,0.000952357465354051
3.80963659523453,0.000952671676854538
3.80975966925313,0.000952854740915378
3.8099128493408,0.000952907845355833
3.81006507596913,0.000952832241931271
3.81018624306908,0.000952629699195207
3.81030938729955,0.000952302006350649
3.81046260249315,0.000951850233524928
3.81061479401555,0.00095127520627624
3.81073589090364,0.00095057755396096
3.81085910534597,0.000949757631718772
3.8110123556455,0.000948816195150646
3.81116451206197,0.000947754051669577
3.8112855387382,0.000946571650492434
3.81140882339239,0.000945269608883355
3.81156210879785,0.000943848743010213
3.81171423010839,0.000942310098164114
3.81183518657276,0.000940655405677849
3.81195854143881,0.000938886508588742
3.8121118619502,0.000937004586784317
3.81226394815481,0.000935010439219598
3.81238483440731,0.000932904266177758
3.81250825948523,0.000930685806593416
3.81266161510255,0.00092835526474413
3.81281366620123,0.000925912678923644
3.81293448224187,0.000923357455844695
3.81305797753165,0.000920689051562551
3.81321136825491,0.00091790689971917
3.81336338424765,0.000915010639838214
3.81348413007643,0.000912000915648235
3.81360769557807,0.000908878639722611
3.81376112140726,0.000905644144842077
3.81391310229407,0.000902297857004324
3.81403377791098,0.000898840281453631
3.81415741362449,0.000895271910517072
3.81431087455961,0.000891594021131142
3.81446282034049,0.0008878081747826
3.81458342574554,0.000883915649741026
3.81470713167091,0.000879918180666901
3.81486062771196,0.000875818153213504
3.81501253838691,0.000871618494854129
3.8151330735801,0.000867323156355917
3.81525684971733,0.000862936491493674
3.81541038086431,0.000858462225669312
3.81556225643333,0.000853903846637012
3.81568272141466,0.000849264469191697
3.81580656776375,0.000844546721749236
3.81596013401666,0.000839753577416772
3.81611197447975,0.000834887640475506
3.81623236924921,0.000829950437119906
3.81635628581017,0.00082494341891099
3.81650988716901,0.000819868385045878
3.81666169252617,0.00081472752897409
3.81678201708377,0.000809524344818958
3.81690600385659,0.000804262721560732
3.81705964032136,0.000798945367394277
3.81721141057259,0.000793574895702934
3.81733166491833,0.000788154093717123
3.81745572190301,0.00078268543795989
3.81760939347372,0.000777172125954059
3.81776112861901,0.000771617368397308
3.81788131275288,0.000766023288615552
3.81800543994943,0.000760392166944282
3.81815914662607,0.000754727032382614
3.81831084666543,0.000749031251033526
3.81843096058744,0.000743309175501177
3.81855515799585,0.000737565475708339
3.81870889977842,0.000731803630187508
3.81886056471185,0.000726026681232151
3.818980608422,0.000720237385212453
3.81910487604227,0.000714437850685722
3.81925865293077,0.000708630536362487
3.81941028275827,0.000702817580050453
3.81953025625656,0.000696999900947249
3.81965459408869,0.000691178328253816
3.81980840608312,0.000685354056610185
3.81996000080469,0.000679528599296309
3.82007990409111,0.000673704714267124
3.82020431213511,0.00066788563817254
3.82035815923547,0.000662073680389884
3.82050971885111,0.000656271284710989
3.82062955192567,0.000650481335845396
3.82075403018153,0.000644706578568603
3.82090791238782,0.000638950340086273
3.82105943689753,0.000633215939141773
3.82117919976023,0.000627505630603218
3.82130374822795,0.000621821762963247
3.82145766554017,0.000616167569081032
3.82160915494395,0.000610546575791455
3.82172884759478,0.000604963008030718
3.82185346627437,0.000599421428336998
3.82200741869253,0.00059392540860347
3.82215887299037,0.000588478241920498
3.82227849542934,0.000583083322596173
3.82240318432079,0.00057774349953062
3.82255717184488,0.00057246152093416
3.82270859103679,0.000567239662099501
3.8228281432639,0.000562078887169393
3.82295290236721,0.000556979827831211
3.82310692499723,0.000551943601274845
3.82325830908321,0.000546971496929045
3.82337779109846,0.000542065531880527
3.82350262041363,0.000537227974090364
3.82365667814958,0.000532459922169554
3.82380802712963,0.000527762251206734
3.82392743893301,0.000523136094953451
3.82405233846005,0.000518582182058383
3.82420643130193,0.000514101442269811
3.82435774517605,0.000509694575025741
3.82447708676757,0.000505361061780731
3.82460205650647,0.000501100204793546
3.82475618445428,0.000496911872877462
3.82490746322247,0.000492795978576747
3.82502673460213,0.000488752868033412
3.82515177455289,0.000484782970764858
3.82530593760663,0.000480885559963098
3.82545718126889,0.000477059404690906
3.82557638243668,0.000473303088606831
3.82570149259931,0.000469614544551477
3.82585569075899,0.000465991657863133
3.82600689931531,0.000462431891573692
3.82612603027124,0.000458931564821211
3.82625121064573,0.000455486762800851
3.82640544391134,0.000452093923103932
3.82655661736173,0.00044874969767111
3.8266756781058,0.000445451594315532
3.82680092869215,0.000442197535431749
3.82695519706369,0.000438984752152478
3.82710633540815,0.000435810662548671
3.82722532594036,0.000432673268116352
3.82735064673857,0.000429570581789933
3.82750495021604,0.000426501060915624
3.82765605345457,0.000423463247527781
3.82777497377491,0.00042045491674335
3.82790036478499,0.00041747405855339
3.82805470336839,0.000414519744378729
3.82820577150099,0.000411591565628621
3.82832462160947,0.000408689897743429
3.82845008283141,0.00040581562098884
3.82860445652074,0.000402968840615097
3.82875548954741,0.000400149497223867
3.82887426944403,0.0003973577263421
3.82899980087783,0.000394593253659169
3.82915420967309,0.000391855843108503
3.82930520759383,0.000389144884900091
3.82942391727858,0.000386458544296235
3.82954951892425,0.0003837948729114
3.82970396282545,0.000381152784172405
3.82985492564025,0.000378531788954521
3.82997356511314,0.000375932693665939
3.83009923697067,0.000373356996131299
3.8302537159778,0.00037080516627853
3.83040464368667,0.000368277828854209
3.8305232129477,0.000365776356225117
3.83064895501709,0.000363301947783564
3.83080346913015,0.000360856226079288
3.83095436173309,0.000358440649321859
3.83107286078226,0.000356055164103438
3.83119867306351,0.000353699558060083
3.8313532222825,0.000351374592842593
3.83150407977951,0.00034908112611616
3.83162250861681,0.000346820449065918
3.83174839110993,0.000344594057386295
3.83190297543485,0.000342402130403842
3.83205379782593,0.000340244404122253
3.83217215645137,0.000338120820590956
3.83229810915635,0.000336030603383584
3.8324527285872,0.000333972529643299
3.83260351587235,0.000331944728384724
3.83272180428593,0.000329943771741345
3.83284782720277,0.000327965835106533
3.83300248173955,0.000326007962571754
3.83315323391877,0.000324067645545681
3.83327145212048,0.000322143392725993
3.83339754524919,0.000320234493609128
3.83355223489191,0.000318339523328834
3.83370295196519,0.000316457563891032
3.83382109995504,0.000314589073345834
3.83394726329561,0.000312734589711704
3.83410198804426,0.000310894629382388
3.83425267001161,0.000309069368907955
3.8343707477896,0.000307257232749535
3.83449698134203,0.00030545635409537
3.83465174119661,0.000303666557704193
3.83480238805803,0.000301887973925553
3.83492039562416,0.000300120948568004
3.83504669938845,0.000298366362139918
3.83520149434896,0.000296623943183846
3.83535210610445,0.000294893317694777
3.83547004345871,0.000293175303327655
3.83559641743487,0.000291470333788218
3.83575124750131,0.000289778070233022
3.83590182415087,0.000288097629693438
3.83601969129327,0.00028642651563912
3.83614613548129,0.000284761777162323
3.83630100065366,0.000283101945630808
3.83645154219729,0.000281446115418695
3.83656933912783,0.000279794068013046
3.83669585352771,0.000278146389743388
3.83685075380601,0.00027650273778887
3.83700126024371,0.000274862993699724
3.83711898696239,0.000273228411571197
3.83724557157413,0.000271600154572572
3.83740050695836,0.000269979167294371
3.83755097829013,0.000268366000824878
3.83766863479694,0.000266759384022869
3.83779528962055,0.000265157523337591
3.83795026011072,0.000263559878314629
3.83810069633655,0.000261965848384471
3.8382182826315,0.000260374683700213
3.83834500766697,0.000258785849044205
3.83850001326307,0.000257197633440991
3.83865041438297,0.000255608072275339
3.83876793046606,0.000254016134821657
3.83889472571339,0.000252420355887808
3.83904976641542,0.000250818421328354
3.83920013242939,0.000249207515685615
3.83931757830061,0.000247583525871019
3.83944444375981,0.000245941895541818
3.83959951956777,0.000244279217731318
3.83974985047581,0.00024259247670361
3.83986722613517,0.000240879048244507
3.83999416180623,0.000239137056796114
3.84014927272012,0.000237364318009038
3.84029956852223,0.00023555918675633
3.84041687396973,0.0002337215733636
3.84054387985265,0.000231851689351907
3.84069902587247,0.000229949522300959
3.84084928656865,0.000228014922141992
3.8410123257905,0.000226046587126124
3.84111133196025,0.000224043068428183
3.84127683724788,0.000222004596266102
3.84143203007561,0.0002199318650721
3.84156197362506,0.000217825727466663
3.8416610851126,0.00021568764920029
3.8418265552943,0.000213518397863752
3.84198178322796,0.000211318790751261
3.84211162145961,0.000209090819922843
3.84221083826496,0.000206836325947923
3.84237627334072,0.000204556554119014
3.84253153638031,0.000202252397658454
3.84266126929417,0.000199923534996436
3.84276059141731,0.000197569391581668
3.84292599138714,0.000195190854074041
3.84308128953266,0.000192789501189561
3.84321091712873,0.000190367702764479
3.84331034456966,0.000187928695797115
3.84347570943356,0.000185475018335469
3.84363104268501,0.000183009534878425
3.84376056496328,0.000180536444157789
3.84386009772201,0.000178059973700086
3.84402542747998,0.00017558428921761
3.84418079583736,0.00017311329649302
3.84431021279784,0.000170649327627114
3.84440985087436,0.00016819432545894
3.8445751455264,0.000165751424841489
3.84473054898972,0.000163323761047948
3.8448598606324,0.00016091440020034
3.84495960402671,0.000158526594359695
3.84512486357282,0.000156162438967979
3.84528030214207,0.000153823697251217
3.84540950846696,0.000151512821108555
3.84550935717906,0.000149231698505971
3.84567458161924,0.000146981324548877
3.84583005529442,0.000144762022169589
3.84595915630151,0.000142572643539331
3.84605911033142,0.000140411489964917
3.84622429966566,0.000138277882599125
3.84637980844677,0.000136171486289515
3.84650880413607,0.000134092443117442
3.84660886348377,0.000132041575570215
3.84677401771208,0.000130019151522919
3.84692956159912,0.00012802587465148
3.84705845197063,0.0001260639141801
3.84715861663612,0.000124135494795529
3.8473237357585,0.000122242356115818
3.84747931475147,0.000120385705666141
3.84760809980518,0.000118564966398975
3.84770836978847,0.000116778992243126
3.84787345380492,0.000115028157472685
3.84802906790382,0.000113312901111374
3.84815774763974,0.000111633384423149
3.84825812294082,0.000109990148851037
3.84842317185134,0.00010838277705239
3.84857882105617,0.000106810837484656
3.8487073954743,0.00010527535546942
3.84880787609317,0.000103777178034336
3.84897288989776,0.000102316185105447
3.84912857420853,0.000100891872981083
3.84925704330886,9.95025377913416e-05
3.84935762924552,9.81460765514097e-05
3.84952260794418,9.68218896542029e-05
3.84967832736088,9.55298885457064e-05
3.84980669114341,9.42702363321489e-05
3.84990738239787,9.30438942249663e-05
3.8500723259906,9.18514825754678e-05
3.85022808051323,9.06940480083002e-05
3.85035633897797,8.95741916317561e-05
3.85045713555023,8.84946332278841e-05
3.85062204403702,8.74574900371913e-05
3.85077783366558,8.64643970782883e-05
3.85090598681253,8.55153992549506e-05
3.85100688870258,8.46098118803007e-05
3.85117176208344,8.3747998085422e-05
3.85132758681793,8.29299936105725e-05
3.85145563464708,8.21550092774499e-05
3.85155664185493,8.14223103785772e-05
3.85172148012986,8.07304885137483e-05
3.85187733997028,8.0078148780767e-05
3.85200528248164,7.94653138905377e-05
3.85210639500728,7.88918965157339e-05
3.85227119817628,7.83564370544462e-05
3.85242709312263,7.78570228375465e-05
3.8525549303162,7.73908904134539e-05
3.85265614815963,7.69547226634897e-05
3.8528209162227,7.65463972396493e-05
3.85297684627499,7.61640122613092e-05
3.85310457815076,7.58051992973273e-05
3.85320590131198,7.54681484453441e-05
3.85337063426912,7.51512433137098e-05
3.85352659942734,7.48533891260629e-05
3.85365422598531,7.45751188502526e-05
3.85375565446433,7.43173175825456e-05
3.85392035231554,7.40799304161207e-05
3.85407635257969,7.38624956934484e-05
3.85420387381987,7.36635458814171e-05
3.85430540761669,7.34810683892733e-05
3.85447007036196,7.33143683458963e-05
3.85462610573204,7.31628267421984e-05
3.85475352165443,7.30251367475995e-05
3.85485516076904,7.29003251920692e-05
3.85501978840838,7.27871586227666e-05
3.85517585888439,7.26846262558632e-05
3.85530316948899,7.25932877671215e-05
3.85540491392139,7.25139009566485e-05
3.8555695064548,7.24462408981263e-05
3.85572561203674,7.23899419267736e-05
3.85585281732354,7.23441169812943e-05
3.85595466707374,7.23076348438079e-05
3.85611922450122,7.22807228436168e-05
3.85627536518909,7.22640809018414e-05
3.8564024651581,7.22582795694854e-05
3.85650442022609,7.22645554509744e-05
3.85666894254764,7.22842825444263e-05
3.85682511834145,7.23192808964098e-05
3.85695211299266,7.23727477341235e-05
3.85705417337844,7.24481481159124e-05
3.85721866059406,7.25482840393484e-05
3.8573748714938,7.26756195268084e-05
3.85750176082721,7.28316423793192e-05
3.85760392653079,7.30172407970938e-05
3.85776837864048,7.32340616781653e-05
3.85792462464615,7.34834567606485e-05
3.85805140866177,7.37658800268275e-05
3.85815367968315,7.40817232956164e-05
3.8583180966869,7.44309729615255e-05
3.8584743777985,7.48135635229864e-05
3.85860105649633,7.52304486935144e-05
3.8587034328355,7.56824266012603e-05
3.85886781473332,7.61689399780078e-05
3.85902413095085,7.66888794067467e-05
3.85915070433089,7.72403776191556e-05
3.85925318598785,7.78209988251703e-05
3.85941753277974,7.84292539979397e-05
3.8595738841032,7.90638510775419e-05
3.85970035216544,7.97231212235443e-05
3.8598029391402,8.04058808647104e-05
3.85996725082616,8.11110925790923e-05
3.86012363725555,8.18382124603052e-05
3.86025,8.2588189723643e-05
3.86035269229255,8.33622304791702e-05
3.86051696887258,8.41605499763797e-05
3.8606733904079,8.4982795018126e-05
3.86079964783456,8.58273803012794e-05
3.8609024454449,8.66920437183406e-05
3.861066686919,8.75757757082418e-05
3.86122314356026,8.84775211174468e-05
3.86134929566911,8.93954354193201e-05
3.86145219859725,9.03279115402729e-05
3.86161640496542,9.1272908535625e-05
3.86177289671261,9.22285191954204e-05
3.86189894350367,9.3194407627981e-05
3.8620019517496,9.41703303289925e-05
3.86216612301184,9.51549014467914e-05
3.86232264986496,9.6146481114373e-05
3.86244859133823,9.71427504689233e-05
3.86255170490196,9.8141046809751e-05
3.86271584105826,9.91401078729872e-05
3.86287240301731,0.000100139118906658
3.86299823917279,0.00010113708851867
3.86310145805431,0.00010213371494848
3.86326555910468,0.000103128815634887
3.86342215616966,0.000104122691400377
3.86354788700734,0.000105117156922636
3.86365121120666,0.000106114310951498
3.8638152771511,0.000107115496212546
3.86397190932201,0.000108121661836557
3.8640975348419,0.000109132654576067
3.86420096435901,0.000110147662560114
3.86436499519752,0.000111166770252607
3.86452166247436,0.000112189772585378
3.86464718267646,0.000113215501880478
3.86475071751136,0.000114242836660277
3.86491471324394,0.000115270386869468
3.86507141562672,0.000116296925237253
3.86519683051101,0.00011732266371391
3.86530047066371,0.000118347920164113
3.86546443129036,0.000119371704495819
3.86562116877907,0.000120392727232604
3.86574647834557,0.000121409235911501
3.86585022381606,0.000122419028343296
3.86601414933678,0.000123420973432837
3.86617092193142,0.000124414118939191
3.86629612618013,0.00012539684433457
3.86639997696841,0.00012636796901015
3.8665638673832,0.000127326708583691
3.86672067508377,0.000128272740761491
3.86684577401469,0.000129207155672885
3.86694973012077,0.000130131403324726
3.86711358542962,0.000131045952239792
3.86727042823612,0.000131950899485917
3.86739542184924,0.00013284563869275
3.86749948327312,0.000133729028311269
3.86766330347604,0.000134600919337499
3.86782018138847,0.000135461138167677
3.8679450696838,0.000136308696309112
3.86804923642547,0.000137142809081405
3.86821302152246,0.000137962650961763
3.86836993454082,0.000138767641631509
3.86849471751836,0.000139558602230257
3.86859898957782,0.000140336631070381
3.86876273956888,0.000141101903679843
3.86891968769318,0.000141854540454331
3.86904436535291,0.000142594451038547
3.86914874273017,0.000143321334227643
3.8693124576153,0.000144035935593203
3.86946944084553,0.000144739292233222
3.86959401318747,0.0001454320205775
3.86969849588252,0.000146115175441736
3.86986217566172,0.000146790135802239
3.87001919399788,0.000147458625477614
3.87014366102203,0.000148123435658676
3.87024824903487,0.000148787633621711
3.87041189370814,0.000149453618047952
3.87056894715023,0.000150123547999234
3.87069330885659,0.000150799070889155
3.87079800218723,0.000151481371260285
3.87096161175456,0.000152172133713041
3.87111870030258,0.000152872813499232
3.87124295669114,0.000153584047599596
3.87134775533958,0.000154306413576896
3.87151132980098,0.00015504041542272
3.87166845345493,0.000155786611973011
3.8717926045257,0.0001565464020228
3.87189750849193,0.00015732121600061
3.8720610478474,0.000158111475444943
3.87221820660728,0.000158917299389667
3.87234225236026,0.000159738496274847
3.87244726164428,0.000160574489818851
3.87261076589382,0.000161425312332283
3.87276795975963,0.000162291056705245
3.87289190019481,0.00016317128371795
3.87299701479663,0.000164065773979347
3.87316048394024,0.00016497454008846
3.87331771291199,0.000165897855565441
3.87344154802937,0.000166836891071898
3.87354676794898,0.000167792981611112
3.87371020198666,0.000168766656274761
3.87386746606434,0.000169758045837677
3.87399119586393,0.000170766638055971
3.87409652110133,0.000171791415728484
3.87425992003308,0.000172831977344202
3.87441721921669,0.000173887789465601
3.87454084369849,0.000174957615192208
3.87464627425369,0.000176040273543696
3.8748096380795,0.000177134471856439
3.87496697236904,0.000178239039598414
3.87509049153304,0.000179353808301245
3.87519602740604,0.000180478767247691
3.87535935612592,0.000181613154274333
3.87551672552139,0.00018275613229371
3.8756401393676,0.000183906691773098
3.87574578055839,0.000185063644808615
3.87590907417234,0.000186226580167757
3.87606647867374,0.000187395298376033
3.87618978720216,0.000188569265039673
3.87629553371074,0.000189748303534086
3.87645879221876,0.000190932567874811
3.87661623182609,0.000192122549740044
3.87673943503671,0.000193319641046982
3.87684528686309,0.000194525474194751
3.87700851026518,0.00019574106897083
3.87716598497845,0.000196967179343716
3.87728908287127,0.000198204064502233
3.87739504001544,0.000199451518368254
3.8775582283116,0.000200709718071549
3.8777157381308,0.000201978554468179
3.87783873070583,0.000203257074722369
3.87794479316779,0.000204544259963492
3.87810794635802,0.000205839147932135
3.87826549128315,0.000207140952898185
3.87838837854039,0.000208449848634125
3.87849454632015,0.000209766180347272
3.87865766440444,0.000211089328717061
3.8788152444355,0.000212418502363985
3.87893802637494,0.000213752823598332
3.8790442994725,0.000215091111878386
3.87920738245086,0.000216432801337426
3.87936499758785,0.000217777371857076
3.8794876742095,0.000219123612020438
3.87959405262485,0.000220470502414584
3.87975710049728,0.00022181746339261
3.8799147507402,0.000223164201727315
3.88003732204406,0.000224511289541665
3.8801438057772,0.000225859552451464
3.8803068185437,0.000227209004852459
3.88046450389255,0.00022855936726046
3.88058696987861,0.000229910028883696
3.88069355892955,0.000231259956593708
3.88085653659012,0.000232608616198331
3.8810142570449,0.000233955367675948
3.88113661771317,0.000235298838866215
3.8812433120819,0.000236637707842782
3.88140625463654,0.000237970780216199
3.88156401019726,0.000239297064306905
3.88168626554773,0.000240616520062961
3.88179306523425,0.000241929379525034
3.88195597268296,0.000243235208073825
3.88211376334961,0.000244533592392794
3.88223591338229,0.000245824188446644
3.8823428183866,0.000247106536280771
3.88250569072938,0.000248380802720584
3.88266351650196,0.00024964730013584
3.88278556121684,0.000250905871407909
3.88289257153896,0.000252156596859019
3.8830554087758,0.00025339998637012
3.88321326965431,0.000254636813465011
3.8833352090514,0.000255868541275646
3.88344232469131,0.000257096873507015
3.88360512682222,0.000258322947452271
3.88376302280666,0.00025954772316613
3.88388485688596,0.000260771971674517
3.88399207784366,0.000261996110854833
3.88415484486864,0.000263220765134043
3.88431277595901,0.000264446327600791
3.88443450472052,0.000265672450960568
3.88454183099601,0.000266898676473808
3.88470456291506,0.000268124670247695
3.88486252911136,0.000269350192055148
3.88498415255507,0.000270575615307067
3.88509158414836,0.000271801415041979
3.88525428096148,0.00027302726982277
3.88541228226372,0.0002742526630568
3.88553380038963,0.000275477020897641
3.88564133730071,0.000276699504147034
3.8858039990079,0.000277919675196486
3.88596203541607,0.000279137122378925
3.88608344822419,0.000280350912972243
3.88619109045306,0.000281560245000405
3.88635371705432,0.000282764645970017
3.88651178856842,0.000283963868681014
3.88663309605874,0.000285158328504716
3.88674084360542,0.000286348619724021
3.88690343510074,0.000287534680914777
3.88706154172077,0.00028871617110389
3.8871827438933,0.000289892408685651
3.88729059675777,0.000291062350538496
3.88745315314716,0.000292225377648331
3.88761129487312,0.000293380783696914
3.88773239172786,0.000294527286078528
3.88784034991012,0.000295663632843345
3.88800287119358,0.000296788584766704
3.88816104802547,0.000297901014937155
3.88828203956242,0.000299000534107466
3.88839010306247,0.000300086902035364
3.88855258924,0.000301159296739511
3.88871080117782,0.000302216840611798
3.88883168739697,0.000303258581372802
3.88893985621482,0.000304283433838171
3.88910230728642,0.000305290870728448
3.88926055433017,0.000306280517986481
3.88938133523153,0.0003072517171801
3.88948960936717,0.000308204054841633
3.88965202533284,0.000309137379019433
3.88981030748253,0.000310051772767657
3.88993098306609,0.000310947960542465
3.89003936251952,0.000311826851754824
3.89020174337926,0.000312688915741731
3.89036006063488,0.000313534452522728
3.89048063090064,0.00031436345991797
3.89058911567187,0.000315175630718298
3.89075146142568,0.000315970945034353
3.89090981378723,0.000316749216256998
3.8910302787352,0.000317509693908612
3.89113886882423,0.000318251599319067
3.8913011794721,0.000318974205865412
3.89145956693958,0.00031967690910151
3.89157992656976,0.000320359756220356
3.89168862197658,0.00032102291866424
3.89185089751852,0.000321665933669446
3.89200932009193,0.000322288232647507
3.89212957440432,0.000322889195001036
3.89223837512893,0.000323468009484389
3.89240061556494,0.000324024292831718
3.89255907324428,0.000324557712097326
3.89267922223887,0.000325067500940418
3.89278812828128,0.000325553039577758
3.89295033361135,0.00032601400323304
3.89310882639663,0.000326450270442173
3.89322887007343,0.000326862311935971
3.89333788143363,0.00032725078103116
3.89350005165777,0.000327615820151402
3.89365857954899,0.000327957397773176
3.89377851790799,0.000328275273592589
3.89388763458598,0.00032856895101572
3.89404976970419,0.000328838292999856
3.89420833270134,0.000329083119293328
3.89432816574254,0.000329302800168519
3.89443738773833,0.000329496757043215
3.89459948775061,0.000329664484982186
3.89475808585369,0.000329805607839965
3.8948778135771,0.000329920366438254
3.89498714089069,0.000330009167608743
3.89514920579703,0.00033007198771173
3.89530783900604,0.000330108803381626
3.89542746141166,0.000330119601718362
3.89553689404304,0.000330104286801492
3.89569892384345,0.000330063181404988
3.89585759215839,0.000329996711029743
3.89597710924622,0.00032990502571715
3.89608664719539,0.000329788434630379
3.89624864188987,0.000329647480032523
3.89640734531074,0.000329482860927703
3.89652675708077,0.000329295720522337
3.89663640034774,0.000329087347359414
3.89679835993629,0.000328858695885908
3.89695709846309,0.000328610621148936
3.89707640491533,0.000328343845443361
3.89718615350009,0.000328058888682167
3.89734807798271,0.000327756437963793
3.89750685161544,0.000327437068017945
3.89762605274989,0.000327100944428756
3.89773590665244,0.000326748189768499
3.89789779602913,0.000326378978156505
3.8980566047678,0.000325993535861704
3.89817570058444,0.000325592462218376
3.89828565980479,0.000325176413097807
3.89844751407555,0.000324745596504437
3.89860635792015,0.000324300113079021
3.898725348419,0.000323840011214505
3.89883541295714,0.000323365186263555
3.89899723212197,0.000322875775797135
3.8991561110725,0.000322371933084968
3.89927499625356,0.000321853521799258
3.8993851661095,0.000321320479633708
3.89954695016839,0.00032077290632295
3.89970586422485,0.000320211015040823
3.89982464408812,0.000319635385917413
3.89993491926185,0.000319046687104045
3.90009666821482,0.000318445219264891
3.9002556173772,0.000317831122510459
3.90037429192267,0.000317204332187545
3.9004846724142,0.000316564573577574
3.90064638626123,0.000315911798395974
3.90080537052955,0.000315245898310288
3.90092393975723,0.000314566438421828
3.90103442556655,0.000313872995891324
3.90119610430765,0.000313165153056031
3.9013551236819,0.000312442556867254
3.90147358759179,0.000311705269811438
3.9015841787189,0.000310953444359389
3.90174582235407,0.000310186917232076
3.90190487683426,0.000309405508704377
3.90202323542634,0.000308609018883852
3.90213393187125,0.000307797183050997
3.90229554040049,0.000306970041480761
3.90245462998661,0.00030612771579457
3.9025728832609,0.000305270156532208
3.9026836850236,0.000304397450120271
3.90284525844691,0.000303509859198023
3.90300438313896,0.000302607789074701
3.90312253109546,0.00030169200527099
3.90323343817596,0.000300763385624277
3.90339497649333,0.000299822547450239
3.90355413629131,0.000298870008306004
3.90367217893002,0.000297906129123778
3.90378319132831,0.000296931088503594
3.90394469453975,0.000295945205147991
3.90410388944366,0.000294948683947022
3.90422182676457,0.000293941375022475
3.90433294448066,0.000292923099485168
3.90449441258617,0.000291893736695248
3.90465364259601,0.000290853249565197
3.90477147459913,0.000289801989803319
3.90488269763301,0.000288740396008584
3.90504413063259,0.000287668519673437
3.90520339574836,0.000286586353943795
3.90532112243369,0.000285493889650297
3.90543245078536,0.000284391003060233
3.90559384867901,0.000283277809145267
3.90575314890072,0.000282154438643823
3.90587077026824,0.000281020726205688
3.90598220393771,0.000279876575595837
3.90614356672543,0.000278722087533607
3.90630290205307,0.000277557476214676
3.9064204181028,0.000276383291956849
3.90653195709006,0.000275200190286854
3.90669328477185,0.000274008494461078
3.90685265520542,0.000272808411750982
3.90697006593736,0.000271600039711395
3.90708171024241,0.000270383306410182
3.90724300281827,0.000269158320164972
3.90740240835777,0.000267925140783933
3.90751971377192,0.000266683522606705
3.90763146339477,0.000265433231664082
3.90779272086469,0.000264174102390615
3.90795216151012,0.000262906052939819
3.90806936160647,0.0002616293748477
3.90818121654712,0.000260344475194731
3.90834243891111,0.000259051494460838
3.90850191466247,0.000257750586590392
3.90861900944103,0.000256441954229092
3.90873096969947,0.000255125755080028
3.90889215695753,0.000253802380344545
3.90905166781482,0.000252472268989646
3.90916865727559,0.000251135651877707
3.90928072285182,0.000249792841408477
3.90944187500395,0.000248444335540636
3.90960142096717,0.00024709073236236
3.90971830511014,0.000245732889274088
3.90983047600417,0.000244371760676021
3.90999159305037,0.000243008069934638
3.91015117411953,0.000241642472855854
3.9102679529447,0.000240275575298799
3.91038022915652,0.000238907846436039
3.91054131109679,0.000237539821461282
3.91070092727188,0.000236171943577477
3.91081760077926,0.000234804358363056
3.91092998230887,0.00023343716384395
3.91109102914321,0.000232070526268229
3.91125068042423,0.000230704653624193
3.91136724861382,0.000229339989134607
3.91147973546123,0.000227977025356376
3.91164074718963,0.00022661594919316
3.91180043357658,0.000225256879726171
3.91191689644837,0.000223899935983339
3.91202948861358,0.000222545137351797
3.91219046523605,0.000221192644092867
3.91235018672893,0.000219842617038648
3.91246654428293,0.000218494995209612
3.91257924176593,0.000217149753318245
3.91274018328247,0.000215807002152859
3.91289993988128,0.000214466928601075
3.91301619211749,0.000213129952434737
3.91312899491828,0.000211796558188313
3.91328990132889,0.000210466972201642
3.91344969303363,0.000209141313912162
3.91356583995204,0.00020781959423
3.91367874807063,0.000206501684134836
3.91383961937531,0.000205187588741873
3.91399944618599,0.000203877270189634
3.9141154877866,0.000202570458976506
3.91422850122298,0.00020126688629689
3.91438933742173,0.000199966305965068
3.91454919933834,0.000198668516819206
3.91466513562116,0.000197373586712589
3.91477825437533,0.000196081648525315
3.91493905546815,0.000194792620523226
3.91509895249069,0.000193506409912166
3.91521478345572,0.000192222924585341
3.91532800752768,0.000190942029175979
3.91548877351457,0.000189663781551234
3.91564870564304,0.000188388289894947
3.91576443129027,0.000187115537884742
3.91587776068004,0.000185845592522934
3.91603849156099,0.000184578644850204
3.91619845879539,0.000183314977574036
3.91631407912483,0.000182055104281725
3.91642751383239,0.000180799615177629
3.91658820960741,0.000179548929150982
3.91674821194774,0.000178303404610947
3.91686372695939,0.000177063313572475
3.91697726698474,0.000175828815362998
3.91713792765383,0.000174600159655893
3.91729796510009,0.000173377528963672
3.91741337479395,0.000172160880430392
3.91752702013709,0.000170950156093635
3.91768764570025,0.000169745345284066
3.91784771825245,0.000168546495095271
3.9179630226285,0.000167353901909329
3.91807677328944,0.00016616792435182
3.91823736374667,0.0001649886816041
3.9183974714048,0.000163816262717021
3.91851267046306,0.000162650765893277
3.91862652644179,0.000161492220738274
3.91878708179309,0.000160340804154628
3.91894722455715,0.000159196700810075
3.91906231829762,0.000158059902183785
3.91917627959414,0.000156930437673611
3.91933679983951,0.000155808462374989
3.9194969777095,0.00015469419637264
3.91961196613217,0.000153588059139602
3.9197260327465,0.00015249053261436
3.91988651788593,0.000151401888384878
3.92004673086185,0.000150322325032818
3.92016161396673,0.000149251980653875
3.92027578589885,0.000148190884708198
3.92043623593235,0.000147139161628346
3.9205964840142,0.00014609689697078
3.92071126180129,0.000145063977096806
3.9208255390512,0.000144040287107045
3.92098595397877,0.000143025761673394
3.92114623716655,0.000142020387064559
3.92126090963585,0.00014102437428216
3.92137529220355,0.000140038008816447
3.92153567202519,0.000139061410953722
3.9216959903189,0.000138094713129249
3.9218105574704,0.000137138092825608
3.9219250453559,0.000136191698847136
3.92208539007161,0.000135255806468996
3.92224574347126,0.000134330706909685
3.92236020530496,0.000133416539990329
3.92247479850825,0.000132513480452524
3.92263510811803,0.000131621827789823
3.92279549662361,0.000130741935357636
3.92290985313952,0.000129874298138054
3.9230245516606,0.000129019470447317
3.92318482616445,0.000128177859934386
3.92334524977596,0.000127349837244733
3.92345950097407,0.00012653577012264
3.92357430481296,0.000125735948474936
3.92373454421087,0.000124950686301526
3.92389500292831,0.000124180243607959
3.92400914880863,0.000123424698830495
3.92412405796531,0.000122684100479512
3.92428426225729,0.000121958560492995
3.92444475608066,0.000121248223396464
3.92455879664319,0.000120553369019247
3.92467381111766,0.000119874320251822
3.92483398030371,0.000119211232081689
3.92499450923301,0.000118564234065334
3.92510844447775,0.00011793348552108
3.92522356427001,0.000117319094899115
3.92538369835013,0.000116721233876756
3.92554426238536,0.000116140062687242
3.9256580923123,0.000115575588937975
3.92577331742236,0.000115027821480638
3.92593341639655,0.000114496858058841
3.92609401553772,0.000113982824635801
3.92620774014686,0.000113485947654583
3.92632307057471,0.000113006485054655
3.92648313444297,0.00011254454431178
3.92664376869007,0.000112100176423084
3.92675738798142,0.000111673405379243
3.92687282372706,0.000111264177701596
3.92703285248939,0.000110872474492975
3.92719352184242,0.000110498240881378
3.92730703581597,0.000110141280420344
3.92742257687942,0.000109801381848834
3.92758257053581,0.000109478371230634
3.92774327499477,0.000109172101462376
3.92785668365053,0.000108882552096658
3.92797233003177,0.000108609748414688
3.92813228858223,0.000108353609184667
3.92829302814712,0.00010811406006891
3.92840633148509,0.00010789106638258
3.92852208318412,0.000107684578459231
3.92868200662865,0.000107494620335171
3.92884278129947,0.000107321228754524
3.92895597931965,0.000107164347534597
3.92907183633647,0.00010702394717273
3.92923172467507,0.000106900094520622
3.92939253445182,0.000106792903592077
3.9295056271542,0.000106702587506717
3.92962158948882,0.000106629404494404
3.92978144272149,0.000106573512746673
3.92994228760417,0.000106535040336881
3.93005527498876,0.000106514106624558
3.93017134264117,0.000106510772080832
3.93033116076791,0.000106525112721445
3.93049204075653,0.00010655715930762
3.93060492282332,0.000106606804056259
3.93072109579352,0.000106673918799301
3.93088087881433,0.000106758431411116
3.93104179390888,0.000106860307603773
3.93115457065787,0.000106979635784418
3.93127084894587,0.000107116549071984
3.93143059686075,0.000107271050516495
3.93159154706123,0.000107443132404626
3.93170421849243,0.000107632822302676
3.93182060209823,0.000107840112338722
3.93198031490717,0.000108065049800325
3.93214130021358,0.000108307671788491
3.93225386632699,0.000108567881596563
3.93237035525058,0.000108845581829803
3.93253003295359,0.000109140757040556
3.93269105336593,0.000109453414191219
3.93280351416155,0.000109783638967005
3.93292010840293,0.000110131543436398
3.93307975100001,0.00011049710994519
3.93324080651828,0.000110880273641516
3.9333531619961,0.000111280956323705
3.93346986155528,0.000111699011060399
3.93362946904643,0.000112134302361091
3.93379055967063,0.000112586653858915
3.93390280983066,0.000113055756428054
3.93401961470763,0.000113541278987678
3.93417918709285,0.000114042932411788
3.93434031282299,0.000114560451785857
3.93445245766522,0.0001150936751568
3.93456936785998,0.000115642483412009
3.93472890513927,0.000116206662948856
3.93489006597534,0.000116786008739433
3.93500210549978,0.000117380365663561
3.93511912101233,0.000117989559885738
3.93527862318569,0.000118613453390526
3.93543981912769,0.000119251894599327
3.93555175333433,0.000119904613127302
3.93566887416469,0.000120571332160749
3.93582834123211,0.000121251860583655
3.93598957228004,0.000121946025122595
3.93610140116889,0.000122653700372411
3.93621862731704,0.000123374788684349
3.93637805927853,0.000124109095393088
3.93653932543239,0.000124856400528236
3.93665104900345,0.000125616510343475
3.93676838046939,0.000126389183478503
3.93692777732495,0.000127174156779189
3.93708907858474,0.000127971124780468
3.937200696838,0.000128779662691714
3.93731813362174,0.000129599313596934
3.93747749537137,0.000130429677003574
3.93763883173709,0.00013127037056337
3.93775034467256,0.000132121069526856
3.93786788677409,0.000132981478728967
3.93802721341779,0.000133851210091483
3.93818858488944,0.00013472986505192
3.93829999250712,0.000135617086941801
3.93841763992644,0.000136512490240761
3.93857693146421,0.000137415695023905
3.9387383380418,0.000138326296497685
3.93884964034168,0.000139243775175232
3.93896739307879,0.000140167586718804
3.93912664951063,0.000141097243844052
3.93928809119415,0.00014203225655999
3.93939928817623,0.000142972153335075
3.93951714623114,0.000143916470190952
3.93967636755705,0.000144864650638674
3.9398378443465,0.000145816104376365
3.93994893601079,0.000146770253501271
