Var1,Var2
3.78007489474646,-2.29254496526907e-05
3.78022617911382,-2.40567691816161e-05
3.78038030146245,-2.51582654985069e-05
3.780505260003,-2.62282481888017e-05
3.78062461279288,-2.72650821146778e-05
3.78077593226618,-2.82670921699346e-05
3.78093001950887,-2.9232651394439e-05
3.78105490783755,-3.01603031914433e-05
3.7811743308393,-3.1048594660854e-05
3.78132568541853,-3.18959622025358e-05
3.78147973755529,-3.27007491739011e-05
3.78160455567211,-3.34610798322928e-05
3.78172404888572,-3.41749802809474e-05
3.78187543857088,-3.48406454156895e-05
3.78202945560171,-3.54562567114746e-05
3.78215420350667,-3.60199120509721e-05
3.78227376693214,-3.65297445479066e-05
3.78242519172323,-3.69837980458343e-05
3.78257917364813,-3.73801330689498e-05
3.78270385134123,-3.77170294632542e-05
3.78282348497856,-3.79927761541791e-05
3.78297494487558,-3.82055262901487e-05
3.78312889169455,-3.83534094586531e-05
3.78325349917578,-3.8434457860307e-05
3.78337320302498,-3.84466750611777e-05
3.78352469802793,-3.83882836418992e-05
3.78367860974097,-3.82575934102178e-05
3.78380314701034,-3.80529317932536e-05
3.7839229210714,-3.77727584138505e-05
3.78407445118028,-3.74155751588067e-05
3.78422832778739,-3.69799925505641e-05
3.7843527948449,-3.64648789846028e-05
3.78447263911782,-3.58691732576282e-05
3.78462420433264,-3.51917304222667e-05
3.78477804583381,-3.44313669970892e-05
3.78490244267946,-3.35867445606826e-05
3.78502235716424,-3.26564461144934e-05
3.78517395748499,-3.16392201740155e-05
3.78532776388023,-3.05337897992029e-05
3.78545209051401,-2.93387471087234e-05
3.78557207521066,-2.80527254072999e-05
3.78572371063734,-2.66743666743278e-05
3.78587748192665,-2.5202395018775e-05
3.78600173834857,-2.36358320597657e-05
3.78612179325708,-2.19737744111515e-05
3.78627346378969,-2.02151402035952e-05
3.78642719997307,-1.83588528981008e-05
3.78655138618313,-1.64038279856147e-05
3.7866715113035,-1.43489518159722e-05
3.78682321694204,-1.21933250305363e-05
3.78697691801949,-9.93610747610483e-06
3.78710103401768,-7.57635070271013e-06
3.78722122934992,-5.11320601999853e-06
3.78737297009439,-2.54595537010015e-06
3.78752663606591,1.26008931580534e-07
3.78765068185224,2.9030346171184e-06
3.78777094739634,5.78536837360261e-06
3.78792272324674,8.77339965682159e-06
3.78807635411233,1.18675409223544e-05
3.7882003296868,1.50682508017654e-05
3.78832066544276,1.83760459135217e-05
3.78847247639909,2.1791278334828e-05
3.78862607215875,2.5314285667638e-05
3.78874997752135,2.89455361159584e-05
3.78887038348918,3.26854288922135e-05
3.78902222955145,3.65342605244571e-05
3.78917579020517,4.04921989100509e-05
3.78929962535591,4.45590904194093e-05
3.7894201015356,4.87346253383726e-05
3.7895719827038,5.30185783202178e-05
3.78972550825159,5.74106186517886e-05
3.78984927319047,6.19102807666142e-05
3.78996981958202,6.65170391535592e-05
3.79012173585615,7.12301499606221e-05
3.79027522629801,7.60487702971214e-05
3.79039892102503,8.09721366653476e-05
3.79051953762844,8.59993577194757e-05
3.7906714890085,9.11292999550019e-05
3.79082494434443,9.63606711170109e-05
3.79094856885958,0.000101691930555027
3.79106925567486,0.000107121398567772
3.79122124216085,0.000112647526878979
3.79137466239085,0.000118268780484944
3.79149821669414,0.000123983612119535
3.79161897372128,0.000129790556646056
3.7917709953132,0.000135688097714789
3.79192438043727,0.000141674795339336
3.7920478645287,0.000147749469591428
3.7921686917677,0.000153910975595348
3.79232074846555,0.000160158056143167
3.79247409848369,0.000166489381240325
3.79259751236326,0.000172903387522356
3.79271840981412,0.000179398445352231
3.79287050161791,0.00018597322357755
3.79302381653011,0.000192626456634208
3.79314716019781,0.00019935686039197
3.79326812786054,0.000206163239800987
3.79342025477026,0.00021304424984087
3.79357353457653,0.000219998528131334
3.79369680803237,0.000227024920257897
3.79381784590696,0.000234122217474568
3.79397000792261,0.000241289050411203
3.79412325262295,0.000248523944521719
3.79424645586693,0.000255825155317094
3.79436756395338,0.000263190868221986
3.79451976107496,0.00027061956911543
3.79467297066937,0.000278109892227392
3.79479610370148,0.000285660645033956
3.7949172819998,0.000293270822899146
3.79506951422731,0.000300939271295423
3.79522268871579,0.000308664913693612
3.79534575153604,0.000316446973501852
3.79546700004622,0.000324284658638427
3.79561926737966,0.000332177099489346
3.79577240676221,0.000340123295384142
3.7958953993706,0.000348121797444636
3.79601671809264,0.000356170978716948
3.79616902053201,0.000364269429711986
3.79632212480863,0.000372415639943996
3.79644504720516,0.000380607943641558
3.79656643613906,0.000388844629644933
3.79671877368436,0.00039712365878947
3.79687184285505,0.000405442856569166
3.79699469503971,0.000413800199653168
3.79711615418548,0.00042219345727865
3.79726852683672,0.000430619997143964
3.79742156090147,0.000439076903159071
3.79754434287427,0.000447560803327221
3.7976658722319,0.000456068094173043
3.79781827998907,0.000464595445734242
3.79797127894789,0.000473139598919898
3.79809399070883,0.000481697354099095
3.79821559027832,0.000490265698535376
3.79836803314142,0.000498841493200122
3.79852099699431,0.000507421754062093
3.79864363854338,0.000516004000325906
3.79876530832474,0.000524585774245667
3.79891778629377,0.000533164353045088
3.79907071504073,0.000541736776089992
3.79919328637794,0.000550299460059456
3.79931502637116,0.000558848573662167
3.79946753944612,0.000567380801468421
3.79962043308715,0.00057589282090136
3.7997429342125,0.000584381124344255
3.79986474441758,0.000592842318458774
3.80001729259847,0.000601272713624392
3.80017015113357,0.000609668637359218
3.80029258204706,0.000618026993851987
3.800414462464,0.000626344661680736
3.80056704575082,0.000634618127973062
3.80071986917999,0.000642843758935711
3.80084222988161,0.000651017547467659
3.80096418051042,0.000659135360162373
3.80111679890318,0.000667193656865005
3.80126958722641,0.000675189117315758
3.80139187771617,0.00068311849351363
3.80151389855684,0.000690978871901322
3.80166655205553,0.000698767318691902
3.80181930527283,0.000706481125776586
3.80194152555073,0.000714118241734888
3.80206361660326,0.000721676731791367
3.80221630520788,0.000729154434460956
3.80236902331925,0.000736549044789654
3.80249117338528,0.000743857733559367
3.80261333464968,0.000751077429852514
3.80276605836023,0.000758205509074349
3.80291874136567,0.000765239263522948
3.80304082121984,0.000772175670022214
3.8031630526961,0.000779011783412067
3.80331581151258,0.000785744527585621
3.80346845941209,0.000792370936531222
3.8035904690544,0.00079888871915024
3.80371277074252,0.000805295660479081
3.80386556466493,0.000811589057208572
3.80401817745851,0.000817766129679276
3.80414011688896,0.000823823912424494
3.80426248878894,0.000829759302759422
3.80441531781728,0.000835569732433329
3.80456789550493,0.000841252772040971
3.80468976472351,0.000846805792738591
3.80481220683536,0.000852226426661398
3.80496507096963,0.000857512511997042
3.80511761355135,0.000862662148250026
3.80523941255807,0.000867674115161952
3.80536192488178,0.000872547406708069
3.80551482412199,0.00087728067567346
3.80566733159777,0.000881872484910858
3.80578906039263,0.000886321144226877
3.8059116429282,0.000890624803625443
3.80606457727434,0.000894782119436901
3.80621704964419,0.000898791808308963
3.80633870822718,0.000902652318481617
3.80646136097461,0.00090636227938218
3.80661433042669,0.000909920405892305
3.80676676769061,0.00091332563722644
3.80688835606174,0.000916577655105908
3.80701107902104,0.00091967639218934
3.80716408357904,0.000922621502814309
3.80731648573703,0.000925412762981486
3.8074380038963,0.000928050019525507
3.80756079706746,0.000930533166065993
3.80771383673139,0.000932862674775841
3.80786620378345,0.000935039265232903
3.80798765173086,0.000937063570638649
3.80811051511388,0.000938936547723161
3.80826358988374,0.00094065949294623
3.80841592182987,0.000942234013987678
3.80853729956541,0.000943662336136218
3.80866023316029,0.000944946922944131
3.80881334303609,0.000946089948231603
3.80896563987629,0.000947093498673858
3.80908694739997,0.000947959455071283
3.80920995120672,0.000948689464676349
3.80936309618845,0.000949285402560679
3.80951535792271,0.000949748975607434
3.80963659523453,0.000950081365769052
3.80975966925313,0.000950283687523872
3.8099128493408,0.000950357090554083
3.81006507596913,0.000950302790719786
3.81018624306908,0.000950122506545071
3.81030938729955,0.00094981798230149
3.81046260249315,0.000949390262614915
3.81061479401555,0.00094884015770809
3.81073589090364,0.000948168298508573
3.81085910534597,0.000947375051184827
3.8110123556455,0.000946461166858639
3.81116451206197,0.000945427444565538
3.8112855387382,0.000944274326222849
3.81140882339239,0.000943002412968575
3.81156210879785,0.000941612507144135
3.81171423010839,0.000940105632738599
3.81183518657276,0.000938483475705476
3.81195854143881,0.000936747831620697
3.8121118619502,0.000934899847745241
3.81226394815481,0.000932940301397654
3.81238483440731,0.000930869397330566
3.81250825948523,0.000928686891511965
3.81266161510255,0.000926392984034355
3.81281366620123,0.000923987711114611
3.81293448224187,0.000921470489840905
3.81305797753165,0.000918840782461035
3.81321136825491,0.000916098038267399
3.81336338424765,0.000913241909501334
3.81348413007643,0.00091027302362118
3.81360769557807,0.000907192274556914
3.81376112140726,0.000903999994529455
3.81391310229407,0.000900696611211442
3.81403377791098,0.000897282641609794
3.81415741362449,0.000893758593832796
3.81431087455961,0.000890125734559337
3.81446282034049,0.000886385605961016
3.81458342574554,0.000882539469138745
3.81470713167091,0.000878589027173442
3.81486062771196,0.000874536627322259
3.81501253838691,0.000870385146377575
3.8151330735801,0.000866138454185002
3.81525684971733,0.000861800816363663
3.81541038086431,0.000857375885686175
3.81556225643333,0.000852867085627629
3.81568272141466,0.000848277487506186
3.81580656776375,0.000843609690793363
3.81596013401666,0.000838866624712717
3.81611197447975,0.000834050858643651
3.81623236924921,0.000829163908547899
3.81635628581017,0.000824207216582595
3.81650988716901,0.000819182573558553
3.81666169252617,0.000814092158418001
3.81678201708377,0.000808939417458078
3.81690600385659,0.000803728186862528
3.81705964032136,0.000798461153419382
3.81721141057259,0.00079314091497891
3.81733166491833,0.000787770248626436
3.81745572190301,0.00078235163087127
3.81760939347372,0.00077688823691195
3.81776112861901,0.000771383252913609
3.81788131275288,0.000765838799013197
3.81800543994943,0.000760257144711931
3.81815914662607,0.000754641294742776
3.81831084666543,0.000748994580795766
3.81843096058744,0.000743321290421568
3.81855515799585,0.000737626020248504
3.81870889977842,0.000731912202917918
3.81886056471185,0.000726182845472004
3.818980608422,0.00072044068299076
3.81910487604227,0.000714687817934428
3.81925865293077,0.000708926684984831
3.81941028275827,0.000703159402136691
3.81953025625656,0.000697386894150493
3.81965459408869,0.000691609994002142
3.81980840608312,0.000685829896933739
3.81996000080469,0.00068004810979418
3.82007990409111,0.000674267349969468
3.82020431213511,0.000668490804269125
3.82035815923547,0.000662720755910155
3.82050971885111,0.000656959621807634
3.82062955192567,0.000651210257985395
3.82075403018153,0.000645475384990285
3.82090791238782,0.000639758283791424
3.82105943689753,0.000634062222425443
3.82117919976023,0.000628389422569116
3.82130374822795,0.00062274219162448
3.82145766554017,0.000617123706396565
3.82160915494395,0.000611537428786915
3.82172884759478,0.000605987494778705
3.82185346627437,0.000600478370164187
3.82200741869253,0.000595013551704513
3.82215887299037,0.000589596264933582
3.82227849542934,0.000584229844534843
3.82240318432079,0.000578917093991058
3.82255717184488,0.000573660710348657
3.82270859103679,0.000568462927917077
3.8228281432639,0.000563324698764202
3.82295290236721,0.000558246648260788
3.82310692499723,0.000553229883771846
3.82325830908321,0.000548275682775312
3.82337779109846,0.000543386029367097
3.82350262041363,0.000538563156214025
3.82365667814958,0.000533808157864052
3.82380802712963,0.000529121914217553
3.82392743893301,0.000524505567293632
3.82405233846005,0.00051995986577747
3.82420643130193,0.000515485747089257
3.82435774517605,0.000511083919883787
3.82447708676757,0.000506753897119874
3.82460205650647,0.000502495010474642
3.82475618445428,0.000498307147992302
3.82490746322247,0.000494190235824213
3.82502673460213,0.000490144612304222
3.82515177455289,0.000486170695263866
3.82530593760663,0.000482267773637573
3.82545718126889,0.000478434645523163
3.82557638243668,0.000474669938593607
3.82570149259931,0.000470971646288291
3.82585569075899,0.000467337702809653
3.82600689931531,0.000463765626889241
3.82612603027124,0.0004602518186016
3.82625121064573,0.000456792445275981
3.82640544391134,0.000453384025591957
3.82655661736173,0.000450023288022246
3.8266756781058,0.00044670778835356
3.82680092869215,0.000443435489789029
3.82695519706369,0.000440203686199884
3.82710633540815,0.000437009858175821
3.82722532594036,0.000433852067735724
3.82735064673857,0.000430728391658543
3.82750495021604,0.000427637330498858
3.82765605345457,0.000424577463798362
3.82777497377491,0.000421546617600766
3.82790036478499,0.000418542822763079
3.82805470336839,0.000415565174142068
3.82820577150099,0.000412613273992777
3.82832462160947,0.000409687481737109
3.82845008283141,0.000406788651240066
3.82860445652074,0.000403916880660634
3.82875548954741,0.000401072109983716
3.82887426944403,0.000398254482251167
3.82899980087783,0.000395463743480673
3.82915420967309,0.000392699668469291
3.82930520759383,0.000389961666863846
3.82942391727858,0.000387247951489638
3.82954951892425,0.000384556622853279
3.82970396282545,0.000381886633093888
3.82985492564025,0.000379237521296748
3.82997356511314,0.000376610088343794
3.83009923697067,0.000374005815189484
3.8302537159778,0.000371425183518313
3.83040464368667,0.000368868830613839
3.8305232129477,0.000366338134898323
3.83064895501709,0.00036383430897883
3.83080346913015,0.000361358971557503
3.83095436173309,0.000358913577657806
3.83107286078226,0.000356498100010958
3.83119867306351,0.000354112350330109
3.8313532222825,0.00035175709578084
3.83150407977951,0.000349433193414458
3.83162250861681,0.00034714191304501
3.83174839110993,0.000344884722280781
3.83190297543485,0.000342661801924032
3.83205379782593,0.000340472899817796
3.83217215645137,0.000338317973883185
3.83229810915635,0.000336196279662285
3.8324527285872,0.000334106622811661
3.83260351587235,0.000332047170709193
3.83272180428593,0.00033001456526112
3.83284782720277,0.000328005055456858
3.83300248173955,0.000326015746496569
3.83315323391877,0.000324044181787564
3.83327145212048,0.000322088892728786
3.83339754524919,0.000320149177139209
3.83355223489191,0.000318223638492403
3.83370295196519,0.000316311380222174
3.83382109995504,0.000314412863586244
3.83394726329561,0.000312528630788596
3.83410198804426,0.000310659192072947
3.83425267001161,0.000308804719890489
3.8343707477896,0.000306963664823216
3.83449698134203,0.000305134186023104
3.83465174119661,0.000303316105883795
3.83480238805803,0.000301509544353495
3.83492039562416,0.000299714822772526
3.83504669938845,0.000297932786432886
3.83520149434896,0.000296163152472802
3.83535210610445,0.000294405539389448
3.83547004345871,0.000292660744864022
3.83559641743487,0.000290929192949758
3.83575124750131,0.00028921054141566
3.83590182415087,0.000287503914193952
3.83601969129327,0.000285806853742718
3.83614613548129,0.00028411645537859
3.83630100065366,0.000282431275460745
3.83645154219729,0.000280750424401549
3.83656933912783,0.000279073680966032
3.83669585352771,0.000277401616451157
3.83685075380601,0.000275733896861323
3.83700126024371,0.000274070412213072
3.83711898696239,0.000272412407828292
3.83724557157413,0.000270761043234479
3.83740050695836,0.00026911725633482
3.83755097829013,0.000267481596618627
3.83766863479694,0.000265852823554691
3.83779528962055,0.000264229179577595
3.83795026011072,0.000262610139231687
3.83810069633655,0.000260995115072758
3.8382182826315,0.000259383363383933
3.83834500766697,0.000257774350097884
3.83850001326307,0.000256166390756037
3.83865041438297,0.000254557554863104
3.83876793046606,0.000252946838328812
3.83889472571339,0.00025133281393933
3.83904976641542,0.000249713211684637
3.83920013242939,0.000248085268794849
3.83931757830061,0.000246444950958032
3.83944444375981,0.00024478778643096
3.83959951956777,0.000243110436865096
3.83974985047581,0.000241409948012921
3.83986722613517,0.000239683741167621
3.83999416180623,0.000237929973520376
3.84014927272012,0.000236146505464539
3.84029956852223,0.000234331729304613
3.84041687396973,0.000232485571492273
3.84054387985265,0.000230608256902016
3.84069902587247,0.000228699781804854
3.84084928656865,0.000226760004567861
3.8410123257905,0.000224787652059803
3.84111133196025,0.00022278130249941
3.84127683724788,0.000220741184988964
3.84143203007561,0.000218667982489297
3.84156197362506,0.000216562524636195
3.8416610851126,0.000214426242587783
3.8418265552943,0.000212259885556247
3.84198178322796,0.000210064254171136
3.84211162145961,0.000207841311270521
3.84221083826496,0.000205592874852051
3.84237627334072,0.000203320172323854
3.84253153638031,0.000201024086803644
3.84266126929417,0.000198704312645692
3.84276059141731,0.000196360295358926
3.84292599138714,0.000193992919405726
3.84308128953266,0.000191603749157849
3.84321091712873,0.000189195118707325
3.84331034456966,0.00018677021462162
3.84347570943356,0.000184331544125314
3.84363104268501,0.00018188193755441
3.84376056496328,0.0001794255404875
3.84386009772201,0.000176966529650208
3.84402542747998,0.000174509014549799
3.84418079583736,0.000172056847924575
3.84431021279784,0.000169612338630034
3.84440985087436,0.000167177409884971
3.8445751455264,0.000164755154841698
3.84473054898972,0.000162348664052608
3.8448598606324,0.000159960951203516
3.84495960402671,0.000157595210479024
3.84512486357282,0.000155253504261373
3.84528030214207,0.000152937570282687
3.84540950846696,0.000150649827847634
3.84550935717906,0.00014839214458373
3.84567458161924,0.000146165503311765
3.84583005529442,0.00014397022542514
3.84595915630151,0.000141805190231425
3.84605911033142,0.000139668733582951
3.84622429966566,0.000137560194653976
3.84637980844677,0.000135479249016445
3.84650880413607,0.000133426032846732
3.84660886348377,0.000131401349771413
3.84677401771208,0.000129405463294177
3.84692956159912,0.000127439065823624
3.84705845197063,0.000125504292749215
3.84715861663612,0.000123603335002238
3.8473237357585,0.000121737899238043
3.84747931475147,0.000119909166231021
3.84760809980518,0.000118116562939737
3.84770836978847,0.000116358953152131
3.84787345380492,0.000114636694084317
3.84802906790382,0.0001129502039305
3.84815774763974,0.000111299620247873
3.84825812294082,0.000109685452520986
3.84842317185134,0.000108107270843551
3.84857882105617,0.000106564632709672
3.8487073954743,0.000105058532406214
3.84880787609317,0.000103589791643881
3.84897288989776,0.000102158276989288
3.84912857420853,0.0001007634789242
3.84925704330886,9.94037123138576e-05
3.84935762924552,9.80768995160739e-05
3.84952260794418,9.67824424434835e-05
3.84967832736088,9.55202452241333e-05
3.84980669114341,9.42904536267585e-05
3.84990738239787,9.30939983310458e-05
3.8500723259906,9.19314814469683e-05
3.85022808051323,9.08039264954059e-05
3.85035633897797,8.97138885894607e-05
3.85045713555023,8.86640419067999e-05
3.85062204403702,8.76564627932951e-05
3.85077783366558,8.66927519087705e-05
3.85090598681253,8.57729480165347e-05
3.85100688870258,8.48963694945419e-05
3.85117176208344,8.40633634699168e-05
3.85132758681793,8.32739520270699e-05
3.85145563464708,8.2527337895209e-05
3.85155664185493,8.18227753634548e-05
3.85172148012986,8.11588608508534e-05
3.85187733997028,8.05342062923152e-05
3.85200528248164,7.99488229634485e-05
3.85210639500728,7.94026167331667e-05
3.85227119817628,7.88941371487341e-05
3.85242709312263,7.84214878149865e-05
3.8525549303162,7.79819392222562e-05
3.85265614815963,7.75722158634069e-05
3.8528209162227,7.71902190911041e-05
3.85297684627499,7.68340664018135e-05
3.85310457815076,7.65014088672977e-05
3.85320590131198,7.61904465288766e-05
3.85337063426912,7.58995755154011e-05
3.85352659942734,7.56277065859801e-05
3.85365422598531,7.53753552262742e-05
3.85375565446433,7.5143385273224e-05
3.85392035231554,7.49317293784176e-05
3.85407635257969,7.47399181387902e-05
3.85420387381987,7.45664937372062e-05
3.85430540761669,7.44094593265895e-05
3.85447007036196,7.42681146244513e-05
3.85462610573204,7.41418324191503e-05
3.85475352165443,7.40293023803641e-05
3.85485516076904,7.39295416363636e-05
3.85501978840838,7.38413148469478e-05
3.85517585888439,7.37636077114704e-05
3.85530316948899,7.3696956263971e-05
3.85540491392139,7.36420945462421e-05
3.8555695064548,7.35987858790421e-05
3.85572561203674,7.35666564039575e-05
3.85585281732354,7.35448233035937e-05
3.85595466707374,7.35321636790837e-05
3.85611922450122,7.35288935688918e-05
3.85627536518909,7.35356943184313e-05
3.8564024651581,7.35531150779153e-05
3.85650442022609,7.35823609661856e-05
3.85666894254764,7.36247780605046e-05
3.85682511834145,7.36821534533488e-05
3.85695211299266,7.37576326018799e-05
3.85705417337844,7.3854626865184e-05
3.85721866059406,7.39758908792169e-05
3.8573748714938,7.41238459024351e-05
3.85750176082721,7.42999544068264e-05
3.85760392653079,7.45050867939559e-05
3.85776837864048,7.47408593157095e-05
3.85792462464615,7.50085957716486e-05
3.85805140866177,7.53087303090794e-05
3.85815367968315,7.56416345180333e-05
3.8583180966869,7.60072845858042e-05
3.8584743777985,7.64056071777846e-05
3.85860105649633,7.68375357879138e-05
3.8587034328355,7.73038527340961e-05
3.85886781473332,7.78040011260739e-05
3.85902413095085,7.83368800940339e-05
3.85915070433089,7.89006452300958e-05
3.85925318598785,7.94928914671611e-05
3.85941753277974,8.01121473629956e-05
3.8595738841032,8.07571353650222e-05
3.85970035216544,8.14262023265324e-05
3.8598029391402,8.21181731298561e-05
3.85996725082616,8.28320207996568e-05
3.86012363725555,8.35672059495042e-05
3.86025,8.43246626746914e-05
3.86035269229255,8.51055798206816e-05
3.86051696887258,8.5910166321006e-05
3.8606733904079,8.67380701981251e-05
3.86079964783456,8.75877267159801e-05
3.8609024454449,8.84569030121293e-05
3.861066686919,8.93446009696665e-05
3.86122314356026,9.02497771340891e-05
3.86134929566911,9.11706068250447e-05
3.86145219859725,9.21054990756586e-05
3.86161640496542,9.30524374722816e-05
3.86177289671261,9.40095383473555e-05
3.86189894350367,9.49764690695651e-05
3.8620019517496,9.59529894778632e-05
3.86216612301184,9.69377313270127e-05
3.86232264986496,9.79290762541066e-05
3.86244859133823,9.89247382967571e-05
3.86255170490196,9.99220924093373e-05
3.86271584105826,0.000100919894938348
3.86287240301731,0.000101917343503818
3.86299823917279,0.000102913459400693
3.86310145805431,0.000103907943841988
3.86326555910468,0.000104900617627362
3.86342215616966,0.00010589177866402
3.86354788700734,0.000106883218362859
3.86365121120666,0.000107877008977959
3.8638152771511,0.000108874475742644
3.86397190932201,0.000109876555560501
3.8640975348419,0.000110883099325972
3.86420096435901,0.000111893307937969
3.86436499519752,0.000112907265763309
3.86452166247436,0.000113924771198334
3.86464718267646,0.000114944671635413
3.86475071751136,0.000115965859518423
3.86491471324394,0.00011698696349884
3.86507141562672,0.000118006772942301
3.86519683051101,0.000119025496953507
3.86530047066371,0.000120043449440584
3.86546443129036,0.000121059653153507
3.86562116877907,0.000122072835318093
3.86574647834557,0.000123081267172926
3.86585022381606,0.000124082776278244
3.86601414933678,0.000125076246992132
3.86617092193142,0.000126060740429534
3.86629612618013,0.000127034658176237
3.86639997696841,0.000127996836204286
3.8665638673832,0.000128946502521569
3.86672067508377,0.000129883341849438
3.86684577401469,0.000130808433401839
3.86694973012077,0.000131723212305513
3.86711358542962,0.000132628145354751
3.86727042823612,0.000133523333246361
3.86739542184924,0.000134408183241163
3.86749948327312,0.000135281575137678
3.86766330347604,0.000136143369359449
3.86782018138847,0.000136993403075578
3.8679450696838,0.000137830710061119
3.86804923642547,0.000138654525907623
3.86821302152246,0.00013946404598964
3.86836993454082,0.000140258707724105
3.86849471751836,0.000141039331612564
3.86859898957782,0.000141807011507963
3.86876273956888,0.00014256193068036
3.86891968769318,0.000143304217565184
3.86904436535291,0.000144033791585512
3.86914874273017,0.000144750364114252
3.8693124576153,0.000145454680612547
3.86946944084553,0.000146147775250799
3.86959401318747,0.000146830268919701
3.86969849588252,0.000147503216107125
3.86986217566172,0.000148167990039202
3.87001919399788,0.000148826304539659
3.87014366102203,0.000149480927724279
3.87024824903487,0.000150134900031466
3.87041189370814,0.000150790602817375
3.87056894715023,0.000151450180838554
3.87069330885659,0.000152115272051277
3.87079800218723,0.000152787057553458
3.87096161175456,0.000153467213297708
3.87111870030258,0.000154157189184527
3.87124295669114,0.000154857628409112
3.87134775533958,0.000155569115817197
3.87151132980098,0.00015629216169444
3.87166845345493,0.000157027329656821
3.8717926045257,0.00015777601216131
3.87189750849193,0.000158539631658252
3.8720610478474,0.000159318614421507
3.87221820660728,0.00016011308710188
3.87234225236026,0.000160922867365301
3.87244726164428,0.000161747392558804
3.87261076589382,0.000162586701669498
3.87276795975963,0.000163440894055569
3.87289190019481,0.000164309545648223
3.87299701479663,0.000165192450344257
3.87316048394024,0.000166089629565393
3.87331771291199,0.00016700136277314
3.87344154802937,0.000167928816517263
3.87354676794898,0.000168873319368956
3.87371020198666,0.000169835404545659
3.87386746606434,0.000170815211458562
3.87399119586393,0.00017181224196224
3.87409652110133,0.00017282549895919
3.87425992003308,0.000173854595228515
3.87441721921669,0.000174899013565773
3.87454084369849,0.000175957542780813
3.87464627425369,0.000177029027380799
3.8748096380795,0.00017811219943391
3.87496697236904,0.000179205910969291
3.87509049153304,0.000180310004213226
3.87519602740604,0.000181424476008242
3.87535935612592,0.000182548580177718
3.87551672552139,0.000183681495332004
3.8756401393676,0.000184822226893705
3.87574578055839,0.000185969603133128
3.87590907417234,0.000187123220549047
3.87606647867374,0.000188282885014671
3.87618978720216,0.000189448072624941
3.87629553371074,0.000190618613283609
3.87645879221876,0.000191794661116635
3.87661623182609,0.000192976703265117
3.87673943503671,0.00019416611678257
3.87684528686309,0.000195364515263454
3.87700851026518,0.000196572906870093
3.87716598497845,0.000197792036171478
3.87728908287127,0.000199022155871799
3.87739504001544,0.000200263058026477
3.8775582283116,0.000201514914103283
3.8777157381308,0.000202777612217458
3.87783873070583,0.000204050206942313
3.87794479316779,0.000205331687249416
3.87810794635802,0.000206621095307709
3.87826549128315,0.000207917646291366
3.87838837854039,0.000209221502907428
3.87849454632015,0.000210532995495942
3.87865766440444,0.000211851500338651
3.8788152444355,0.000213176222226899
3.87893802637494,0.000214506277797088
3.8790442994725,0.000215840483528914
3.87920738245086,0.000217178264214255
3.87936499758785,0.000218519090376371
3.8794876742095,0.000219861751201928
3.87959405262485,0.000221205226778141
3.87975710049728,0.00022254893050787
3.8799147507402,0.00022389255970981
3.88003732204406,0.000225236669013278
3.8801438057772,0.000226582063954405
3.8803068185437,0.000227928749181692
3.88046450389255,0.000229276439091729
3.88058696987861,0.000230624518685494
3.88069355892955,0.000231971956180023
3.88085653659012,0.00023331821646164
3.8810142570449,0.000234662661573357
3.88113661771317,0.000236003932055416
3.8812433120819,0.00023734071977002
3.88140625463654,0.000238671840680938
3.88156401019726,0.0002399963108337
3.88168626554773,0.000241314087863607
3.88179306523425,0.00024262539736103
3.88195597268296,0.000243929805939601
3.88211376334961,0.000245226900204109
3.88223591338229,0.000246516331674098
3.8823428183866,0.000247797637118545
3.88250569072938,0.000249070976055648
3.88266351650196,0.000250336654184381
3.88278556121684,0.000251594517488651
3.88289257153896,0.000252844649289314
3.8830554087758,0.000254087554699528
3.88321326965431,0.000255324000397444
3.8833352090514,0.000256555437745958
3.88344232469131,0.000257783555642307
3.88360512682222,0.000259009484249249
3.88376302280666,0.000260234177847948
3.88388485688596,0.000261458398649228
3.88399207784366,0.000262682558960974
3.88415484486864,0.000263907278587762
3.88431277595901,0.000265132948669492
3.88443450472052,0.000266359229207861
3.88454183099601,0.000267585670510085
3.88470456291506,0.00026881194193138
3.88486252911136,0.000270037803947251
3.88498415255507,0.000271263624762944
3.88509158414836,0.000272489870553045
3.88525428096148,0.000273716217630075
3.88541228226372,0.000274942146743063
3.88553380038963,0.000276167076474827
3.88564133730071,0.000277390161414388
3.8858039990079,0.000278610956681149
3.88596203541607,0.000279829044809585
3.88608344822419,0.00028104349653931
3.88619109045306,0.00028225351498193
3.88635371705432,0.000283458626960274
3.88651178856842,0.000284658584373629
3.88663309605874,0.000285853800119452
3.88674084360542,0.000287044864619891
3.88690343510074,0.000288231719272435
3.88706154172077,0.000289414027540742
3.8871827438933,0.000290591109269665
3.88729059675777,0.00029176192546764
3.88745315314716,0.000292925863383947
3.88761129487312,0.000294082225105197
3.88773239172786,0.000295229743177345
3.88784034991012,0.00029636718255015
3.88800287119358,0.0002974933164533
3.88816104802547,0.000298607028899354
3.88828203956242,0.000299707938527934
3.88839010306247,0.000300795809966247
3.88855258924,0.000301869829033532
3.88871080117782,0.000302929124311009
3.88883168739697,0.000303972744206446
3.88893985621482,0.000304999603779482
3.88910230728642,0.000306009175962849
3.88926055433017,0.000307001087505206
3.88938133523153,0.000307974686357695
3.88948960936717,0.000308929565982896
3.88965202533284,0.000309865574951656
3.88981030748253,0.000310782795203721
3.88993098306609,0.000311681948725707
3.89003936251952,0.000312563940103722
3.89020174337926,0.000313429237475522
3.89036006063488,0.000314278139784348
3.89048063090064,0.000315110639673647
3.89058911567187,0.000315926425784059
3.89075146142568,0.000316725475924293
3.89090981378723,0.000317507602594589
3.8910302787352,0.000318272059619433
3.89113886882423,0.00031901807363412
3.8913011794721,0.000319744917961083
3.89145956693958,0.000320451985625704
3.89157992656976,0.000321139317948133
3.89168862197658,0.000321807077268521
3.89185089751852,0.000322454794823809
3.89200932009193,0.00032308189492601
3.89212957440432,0.000323687745039084
3.89223837512893,0.000324271522097145
3.89240061556494,0.000324832831094564
3.89255907324428,0.000325371328416683
3.89267922223887,0.000325886243321664
3.89278812828128,0.000326376953167644
3.89295033361135,0.000326843125932447
3.89310882639663,0.000327284633047149
3.89322887007343,0.000327701938360606
3.89333788143363,0.000328095687664067
3.89350005165777,0.000328466020380256
3.89365857954899,0.000328812903262566
3.89377851790799,0.000329136091686165
3.89388763458598,0.0003294350869109
3.89404976970419,0.000329709753120025
3.89420833270134,0.000329959913825778
3.89432816574254,0.000330184948649585
3.89443738773833,0.000330384290426076
3.89459948775061,0.000330557441742717
3.89475808585369,0.000330704032660739
3.8948778135771,0.000330824308390108
3.89498714089069,0.000330918677512959
3.89514920579703,0.000330987120128132
3.89530783900604,0.000331029614848707
3.89542746141166,0.000331046145071958
3.89553689404304,0.000331036610837119
3.89569892384345,0.000331001332642814
3.89585759215839,0.000330940735608505
3.89597710924622,0.000330854975996398
3.89608664719539,0.000330744371204204
3.89624864188987,0.000330609465787262
3.89640734531074,0.000330450960618018
3.89652675708077,0.000330270001676309
3.89663640034774,0.000330067878674024
3.89679835993629,0.00032984555071335
3.89695709846309,0.000329603877417176
3.89707640491533,0.000329343580002533
3.89718615350009,0.000329065177853678
3.89734807798271,0.000328769361075635
3.89750685161544,0.000328456708752635
3.89762605274989,0.000328127395296131
3.89773590665244,0.000327781553473083
3.89789779602913,0.000327419361676135
3.8980566047678,0.000327041048286462
3.89817570058444,0.00032664721351927
3.89828565980479,0.000326238510883519
3.89844751407555,0.000325815147248289
3.89860635792015,0.000325377220336835
3.898725348419,0.000324924769520422
3.89883541295714,0.00032445768044036
3.89899723212197,0.000323976082794384
3.8991561110725,0.00032348012339619
3.89927499625356,0.000322969665117981
3.8993851661095,0.000322444647120518
3.89954695016839,0.000321905166156248
3.89970586422485,0.000321351433081896
3.89982464408812,0.000320784028088036
3.89993491926185,0.000320203618649245
3.90009666821482,0.00031961050701718
3.9002556173772,0.000319004834480697
3.90037429192267,0.000318386531970242
3.9004846724142,0.000317755320376588
3.90064638626123,0.000317111151373737
3.90080537052955,0.000316453917731815
3.90092393975723,0.00031578318844742
3.90103442556655,0.000315098546209292
3.90119610430765,0.000314399574341959
3.9013551236819,0.000313685919822312
3.90147358759179,0.000312957646626616
3.9015841787189,0.000312214906636219
3.90174582235407,0.000311457535321454
3.90190487683426,0.000310685349939281
3.90202323542634,0.0003098981420011
3.90213393187125,0.00030909563697997
3.90229554040049,0.0003082778684352
3.90245462998661,0.000307444952542986
3.9025728832609,0.000306596837709083
3.9026836850236,0.000305733610089489
3.90284525844691,0.000304855527845528
3.90300438313896,0.000303962991727298
3.90312253109546,0.000303056765178293
3.90323343817596,0.000302137722892609
3.90339497649333,0.000301206479621013
3.90355413629131,0.000300263549379924
3.90367217893002,0.000299309284057401
3.90378319132831,0.000298343852206253
3.90394469453975,0.000297367565637346
3.90410388944366,0.000296380622421051
3.90422182676457,0.000295382866900876
3.90433294448066,0.000294374115067747
3.90449441258617,0.000293354236931834
3.90465364259601,0.000292323184783336
3.90477147459913,0.000291281300894707
3.90488269763301,0.000290229012530983
3.90504413063259,0.000289166358733334
3.90520339574836,0.000288093318752339
3.90532112243369,0.000287009865277331
3.90543245078536,0.00028591585537525
3.90559384867901,0.00028481138724714
3.90575314890072,0.000283696575801644
3.90587077026824,0.000282571242100642
3.90598220393771,0.000281435278169314
3.90614356672543,0.000280288771023739
3.90630290205307,0.000279131922162152
3.9064204181028,0.000277965272442766
3.90653195709006,0.000276789468230599
3.90669328477185,0.000275604824088896
3.90685265520542,0.000274411538453729
3.90697006593736,0.000273209696754335
3.90708171024241,0.000271999214957964
3.90724300281827,0.000270780193477465
3.90740240835777,0.000269552685604378
3.90751971377192,0.000268316440647327
3.90763146339477,0.000267071221316104
3.90779272086469,0.000265816856358304
3.90795216151012,0.000264553258120324
3.90806936160647,0.000263280714577075
3.90818121654712,0.000261999628467153
3.90834243891111,0.000260710135185888
3.90850191466247,0.000259412382657982
3.90861900944103,0.000258106563947572
3.90873096969947,0.000256792826720529
3.90889215695753,0.000255471555714975
3.90905166781482,0.000254143185382711
3.90916865727559,0.000252807945140195
3.90928072285182,0.000251466148352274
3.90944187500395,0.000250118291606247
3.90960142096717,0.000248764972488055
3.90971830511014,0.000247407051159059
3.90983047600417,0.000246045484734472
3.90999159305037,0.000244680999851708
3.91015117411953,0.000243314255077624
3.9102679529447,0.000241945854670254
3.91038022915652,0.000240576265475603
3.91054131109679,0.000239206023651343
3.91070092727188,0.000237835573578459
3.91081760077926,0.000236465062516414
3.91092998230887,0.000235094590888493
3.91109102914321,0.000233724324055392
3.91125068042423,0.000232354468280789
3.91136724861382,0.000230985466774704
3.91147973546123,0.000229617810538745
3.91164074718963,0.000228251683032006
3.91180043357658,0.000226887198233583
3.91191689644837,0.00022552446604099
3.91202948861358,0.000224163495565636
3.91219046523605,0.000222804439876603
3.91235018672893,0.000221447454019011
3.91246654428293,0.00022009247344614
3.91257924176593,0.000218739471717205
3.91274018328247,0.000217388557128235
3.91289993988128,0.000216039915816771
3.91301619211749,0.000214693971379149
3.91312899491828,0.000213351212791228
3.91328990132889,0.00021201187026865
3.91344969303363,0.000210676066195738
3.91356583995204,0.000209343809758148
3.91367874807063,0.000208014969292099
3.91383961937531,0.000206689552346262
3.91399944618599,0.000205367524419094
3.9141154877866,0.000204048619527906
3.91422850122298,0.000202732574007279
3.91438933742173,0.000201419144013943
3.91454919933834,0.000200108130732919
3.91466513562116,0.000198799608359198
3.91477825437533,0.000197493715417141
3.91493905546815,0.000196190373375989
3.91509895249069,0.000194889491308939
3.91521478345572,0.000193590974824864
3.91532800752768,0.000192294685072541
3.91548877351457,0.000191000680947654
3.91564870564304,0.000189709073376753
3.91576443129027,0.000188419850383752
3.91587776068004,0.000187133085717068
3.91603849156099,0.000185848975027471
3.91619845879539,0.000184567806468352
3.91631407912483,0.000183290103278926
3.91642751383239,0.000182016465328618
3.91658820960741,0.000180747320360885
3.91674821194774,0.000179483034626526
3.91686372695939,0.000178223883156599
3.91697726698474,0.000176970026843644
3.91713792765383,0.000175721720558053
3.91729796510009,0.000174479151896898
3.91741337479395,0.000173242282456703
3.91752702013709,0.000172011059386301
3.91768764570025,0.000170785474142786
3.91784771825245,0.000169565575403663
3.9179630226285,0.000168351664026268
3.91807677328944,0.000167144102100284
3.91823736374667,0.00016594300976011
3.9183974714048,0.000164748475691743
3.91851267046306,0.000163560594326131
3.91862652644179,0.000162379390307272
3.91878708179309,0.000161205038962527
3.91894722455715,0.000160037724577128
3.91906231829762,0.000158877439223552
3.91917627959414,0.000157724215088605
3.91933679983951,0.000156578209464128
3.9194969777095,0.000155439646292978
3.91961196613217,0.000154308953489158
3.9197260327465,0.000153186622443966
3.91988651788593,0.000152072933485035
3.92004673086185,0.000150968093599014
3.92016161396673,0.000149872246188482
3.92027578589885,0.000148785425638412
3.92043623593235,0.000147707766159874
3.9205964840142,0.000146639364472991
3.92071126180129,0.000145580118488157
3.9208255390512,0.000144529926630529
3.92098595397877,0.000143488735025356
3.92114623716655,0.000142456541573943
3.92126090963585,0.000141433572311072
3.92137529220355,0.000140420127367668
3.92153567202519,0.000139416339901612
3.9216959903189,0.000138422354192008
3.9218105574704,0.000137438356113472
3.9219250453559,0.000136464502110663
3.92208539007161,0.000135501079281956
3.92224574347126,0.000134548392641325
3.92236020530496,0.000133606598010829
3.92247479850825,0.000132675888581478
3.92263510811803,0.000131756580263481
3.92279549662361,0.000130849043713296
3.92290985313952,0.000129953794996717
3.9230245516606,0.000129071409577659
3.92318482616445,0.000128202316080156
3.92334524977596,0.000127346905401753
3.92345950097407,0.000126505561077838
3.92357430481296,0.000125678587733924
3.92373454421087,0.000124866317520269
3.92389500292831,0.000124069028660429
3.92400914880863,0.000123286817713965
3.92412405796531,0.00012251975187851
3.92428426225729,0.000121767958437001
3.92444475608066,0.000121031596274103
3.92455879664319,0.000120310961449781
3.92467381111766,0.000119606391449319
3.92483398030371,0.000118918053439404
3.92499450923301,0.000118246087268295
3.92510844447775,0.000117590658333664
3.92522356427001,0.000116951879612277
3.92538369835013,0.000116329930109228
3.92554426238536,0.000115724978311508
3.9256580923123,0.000115137041477787
3.92577331742236,0.000114566139960298
3.92593341639655,0.000114012381281603
3.92609401553772,0.000113475902289997
3.92620774014686,0.000112956944257706
3.92632307057471,0.000112455780002936
3.92648313444297,0.000111972530595615
3.92664376869007,0.000111507259133321
3.92675738798142,0.000111059996677611
3.92687282372706,0.000110630695230149
3.92703285248939,0.000110219345501476
3.92719352184242,0.000109825902360461
3.92730703581597,0.000109450178382754
3.92742257687942,0.000109091972253062
3.92758257053581,0.000108751117022584
3.92774327499477,0.000108427472240731
3.92785668365053,0.000108121027718588
3.92797233003177,0.000107831818130436
3.92813228858223,0.00010755976880801
3.92829302814712,0.00010730481054551
3.92840633148509,0.000107066909961621
3.92852208318412,0.000106846017245723
3.92868200662865,0.000106642160067417
3.92884278129947,0.000106455379886056
3.92895597931965,0.000106285625802048
3.92907183633647,0.000106132875404208
3.92923172467507,0.000105997200963193
3.92939253445182,0.000105878722543748
3.9295056271542,0.000105777663033971
3.92962158948882,0.000105694290224896
3.92978144272149,0.000105628770066723
3.92994228760417,0.000105581236742304
3.93005527498876,0.000105551810867445
3.93017134264117,0.00010554055190514
3.93033116076791,0.000105547537394707
3.93049204075653,0.000105572798473059
3.93060492282332,0.000105616225490275
3.93072109579352,0.000105677688191207
3.93088087881433,0.000105757109719175
3.93104179390888,0.000105854450401009
3.93115457065787,0.000105969796229166
3.93127084894587,0.000106103276865885
3.93143059686075,0.000106254888030972
3.93159154706123,0.000106424612882033
3.93170421849243,0.00010661246670223
3.93182060209823,0.000106818427521101
3.93198031490717,0.000107042531535485
3.93214130021358,0.000107284805326733
3.93225386632699,0.000107545140997475
3.93237035525058,0.000107823431577867
3.93253003295359,0.000108119651997866
3.93269105336593,0.000108433801069387
3.93280351416155,0.0001087659609274
3.93292010840293,0.000109116241001606
3.93307975100001,0.000109484618864673
3.93324080651828,0.000109871023862516
3.9333531619961,0.000110275368781215
3.93346986155528,0.000110697496488077
3.93362946904643,0.000111137265729352
3.93379055967063,0.000111594495143864
3.93390280983066,0.000112068869607967
3.93401961470763,0.000112560053369617
3.93417918709285,0.000113067751157735
3.93434031282299,0.000113591692204652
3.93445245766522,0.000114131712739903
3.93456936785998,0.000114687691793896
3.93472890513927,0.000115259411338385
3.93489006597534,0.00011584666099432
3.93500210549978,0.000116449277479977
3.93511912101233,0.000117067077997603
3.93527862318569,0.000117699920024534
3.93543981912769,0.000118347649441266
3.93555175333433,0.000119009994631612
3.93566887416469,0.000119686680105461
3.93582834123211,0.00012037751514678
3.93598957228004,0.000121082328230146
3.93610140116889,0.000121801000146929
3.93621862731704,0.000122533439843764
3.93637805927853,0.000123279457915891
3.93653932543239,0.000124038838363002
3.93665104900345,0.00012481138670789
3.93676838046939,0.000125596858862917
3.93692777732495,0.000126394991975366
3.93708907858474,0.000127205479960071
3.937200696838,0.000128027895270884
3.93731813362174,0.000128861778068556
3.93747749537137,0.00012970672197094
3.93763883173709,0.000130562337815751
3.93775034467256,0.000131428296825632
3.93786788677409,0.000132304298196948
3.93802721341779,0.000133189943573005
3.93818858488944,0.000134084821428419
3.93829999250712,0.000134988557753713
3.93841763992644,0.000135900747379359
3.93857693146421,0.000136820994373383
3.9387383380418,0.000137748878990757
3.93884964034168,0.00013868386704336
3.93896739307879,0.000139625401833902
3.93912664951063,0.000140572983096757
3.93928809119415,0.00014152610992499
3.93939928817623,0.000142484305959223
3.93951714623114,0.000143447103144735
3.93967636755705,0.000144413937887423
3.9398378443465,0.00014538421049488
3.93994893601079,0.000146357327506172
